bits of r:  [0, 1, 1, 1, 1, 0]
shares of l-th bit of r:  [(1, 3), (2, 5), (3, 7), (4, 9), (5, 11)]
shares_s:  [(1, 10), (2, 17), (3, 1), (4, 8), (5, 15)]
shares_d: [(1, 3), (2, 20), (3, 14), (4, 8), (5, 2)]
shares_r: [(1, 1), (2, 16), (3, 8), (4, 0), (5, 15)]
r:  30
a:  16
a in binary:  [0, 0, 0, 0, 1, 0]
r_prim in binary:  [0, 1, 1, 1, 1, 0]
z:  [(1, 0), (1, 0), (0, 0), (0, 0)]
z:  [(0, 0)]
res:  1
bits of r:  [1, 0, 1, 0, 0, 0]
shares of l-th bit of r:  [(1, 6), (2, 12), (3, 18), (4, 1), (5, 7)]
shares_s:  [(1, 20), (2, 14), (3, 8), (4, 2), (5, 19)]
shares_d: [(1, 20), (2, 8), (3, 19), (4, 7), (5, 18)]
shares_r: [(1, 18), (2, 4), (3, 13), (4, 22), (5, 8)]
r:  5
a:  41
a in binary:  [1, 0, 0, 1, 0, 1]
r_prim in binary:  [1, 0, 1, 0, 0, 0]
z:  [(1, 0), (0, 0), (0, 1), (0, 0)]
z:  [(0, 0)]
res:  1
